i=1; d=4.25685; x=-0.09663; y=-0.159144; z=-0.461725; p1=0.5; p2=0.5; p3=0.5; X=-0.09663; Y=-0.159144; Z=-0.461725; dt=0; loss=0; 
i=[i 2]; d=[d 4.24455]; x=[x -0.09663]; y=[y -0.159144]; z=[z -0.461725]; p1=[p1 0.5]; p2=[p2 0.5]; p3=[p3 0.5]; X=[X -0.09663]; Y=[Y -0.159144]; Z=[Z -0.461725]; dt=[dt 0]; loss=[loss 0]; 
i=[i 3]; d=[d 4.4913]; x=[x -0.09663]; y=[y -0.159144]; z=[z -0.461725]; p1=[p1 0.5]; p2=[p2 0.5]; p3=[p3 0.5]; X=[X -0.09663]; Y=[Y -0.159144]; Z=[Z -0.461725]; dt=[dt 0]; loss=[loss 0]; 
i=[i 4]; d=[d 4.3603]; x=[x -0.09663]; y=[y -0.159144]; z=[z -0.461725]; p1=[p1 0.5]; p2=[p2 0.5]; p3=[p3 0.5]; X=[X -0.09663]; Y=[Y -0.159144]; Z=[Z -0.461725]; dt=[dt 0]; loss=[loss 0]; 
i = [i 1]; d = [d 4.259]; x = [x -0.0919723]; y = [y -0.154586]; z = [z -0.459723]; p1 = [p1 0.507428]; p2 = [p2 0.507428]; p3 = [p3 0.507163]; X=[X 0]; Y=[Y 0]; Z=[Z 0]; dt = [dt 0.0843329]; loss = [loss 0]; 
i = [i 2]; d = [d 4.245]; x = [x -0.0826345]; y = [y -0.163088]; z = [z -0.461766]; p1 = [p1 0.30497]; p2 = [p2 0.315923]; p3 = [p3 0.488278]; X=[X 0]; Y=[Y 0]; Z=[Z 0]; dt = [dt 0.0873955]; loss = [loss 0]; 
i = [i 3]; d = [d 4.245]; x = [x -0.0805102]; y = [y -0.159735]; z = [z -0.46828]; p1 = [p1 0.0580878]; p2 = [p2 0.111304]; p3 = [p3 0.503511]; X=[X 0]; Y=[Y 0]; Z=[Z 0]; dt = [dt 0.0696802]; loss = [loss 0]; 
i = [i 4]; d = [d 4.37]; x = [x -0.091867]; y = [y -0.14006]; z = [z -0.473216]; p1 = [p1 1.52249]; p2 = [p2 1.67021]; p3 = [p3 1.05463]; X=[X 0.0562095]; Y=[Y -0.0102094]; Z=[Z -1.53997]; dt = [dt 0.632811]; loss = [loss 61.5385]; 
i = [i 3]; d = [d 4.496]; x = [x -0.136143]; y = [y -0.105771]; z = [z -0.479143]; p1 = [p1 12.6992]; p2 = [p2 19.0907]; p3 = [p3 7.78932]; X=[X 0.0561729]; Y=[Y -0.0102467]; Z=[Z -1.53996]; dt = [dt 1.04439]; loss = [loss 78.5714]; 
i = [i 4]; d = [d 4.496]; x = [x -0.0975568]; y = [y -0.146432]; z = [z -0.482204]; p1 = [p1 3.465]; p2 = [p2 4.31959]; p3 = [p3 8.43328]; X=[X 0.056208]; Y=[Y -0.0102201]; Z=[Z -1.53999]; dt = [dt 0.0520448]; loss = [loss 75.8621]; 
i = [i 3]; d = [d 4.495]; x = [x -0.0356459]; y = [y -0.20664]; z = [z -0.488849]; p1 = [p1 19.5384]; p2 = [p2 52.9308]; p3 = [p3 53.9246]; X=[X 0.0561751]; Y=[Y -0.0102189]; Z=[Z -1.53998]; dt = [dt 1.59815]; loss = [loss 84.6154]; 
i = [i 1]; d = [d 4.257]; x = [x -0.0165004]; y = [y -0.219133]; z = [z -0.490868]; p1 = [p1 33.9946]; p2 = [p2 28.1037]; p3 = [p3 78.4332]; X=[X 0.0561862]; Y=[Y -0.0102329]; Z=[Z -1.53996]; dt = [dt 0.416472]; loss = [loss 84.4828]; 
i = [i 2]; d = [d 4.245]; x = [x -0.0669922]; y = [y -0.142891]; z = [z -0.481592]; p1 = [p1 362.38]; p2 = [p2 339.313]; p3 = [p3 36.2561]; X=[X 0.0562131]; Y=[Y -0.0101423]; Z=[Z -1.53996]; dt = [dt 2.01478]; loss = [loss 88.5057]; 
